2416
1213
2958
378
772
1090
852
815
2610
2647
228
841
2821
367
1078
2141
2262
2136
1793
1498
508
862
1100
2849
1598
1091
1526
411
964
247
1858
1128
1486
2696
956
1606
1735
138
664
1380
2189
719
397
1713
1612
1645
566
1084
1278
1809
1925
1486
2649
1081
1925
923
2851
639
2540
266
989
746
111
2272
2416
637
2049
811
2833
1749
1620
2070
2484
1200
1995
468
1307
106
1657
2533
2706
2138
1397
216
1149
1033
2069
1936
337
1552
1979
1939
1921
1286
1754
2443
443
1024
1382
2721
1389
1628
1801
2430
605
1635
640
2313
61
2174
2458
1181
1536
1059
405
873
1060
1421
430
504
123
2179
721
773
881
2398
704
552
2194
1861
537
119
1493
2541
1536
2644
388
395
1725
1283
1071
1742
1241
2239
1769
854
71
1320
1971
1492
545
2902
1602
2482
1821
2185
2908
1098
1324
2106
2252
1456
2991
2534
1477
481
706
2079
841
1924
1080
265
2889
2454
2698
1763
1995
2034
2870
759
2659
894
2244
1647
213
2429
340
1522
1635
1549
1610
1138
1363
1521
1726
1264
2939
1926
2379
1868
1191
2775
1987
2862
945
1978
586
2098
2068
2023
2580
1057
696
2143
1724
2428
2674
1363
1286
476
2948
2838
268
1114
620
660
1785
2236
1693
2308
289
1912
2999
638
65
905
2722
2990
2987
416
1979
2242
263
1138
772
2320
2224
581
246
2845
2889
609
2320
1803
1471
2356
1607
1709
1639
834
1560
1653
2006
1956
877
2826
639
1127
1485
2723
2944
158
117
2007
1362
1649
2263
2607
236
290
2275
1874
386
2761
70
803
1790
2465
2629
2111
2989
581
1666
2731
1444
2333
442
1056
511
655
2443
196
2491
2312
1146
2080
1860
659
640
494
2115
1654
2451
1655
1241
2899
2643
844
187
715
201
1374
2663
2806
747
2844
1314
1934
1997
1254
2899
2403
1571
1847
2623
1011
2657
2393
1632
2444
1794
66
680
1445
781
2351
2234
2618
328
468
2116
2779
2377
635
39
1107
1128
590
2093
1622
1259
533
2086
2071
200
1061
897
2969
2288
2162
2645
1399
1771
896
889
816
2330
1834
1888
1560
173
2088
1136
2834
1574
1208
2330
2337
678
2404
2707
1343
2986
518
2534
446
1741
1328
169
2649
2656
1640
1060
1054
943
1898
1147
238
2660
1535
1403
873
920
2039
2014
2745
775
272
2612
2506
2813
883
1734
683
2172
1543
1340
2703
412
1099
241
864
1338
698
646
1899
846
1750
773
2003
434
2812
123
1586
930
2023
1747
1521
2128
2707
2580
1815
636
1643
2982
448
1129
962
2085
2253
2695
229
408
1751
1718
697
2201
727
2835
1335
2057
1915
622
1557
881
2659
840
2841
2140
1342
994
2845
259
1592
1969
2565
2312
2267
1478
2685
1343
1977
1038
1615
703
1490
2612
342
1235
2645
1998
2393
2418
2888
2166
670
1668
2723
2747
328
482
1245
2325
2805
1917
468
1575
2443
852
1873
479
341
1362
2918
2071
1253
2495
1013
1769
731
1160
2961
989
2569
282
164
629
1917
1737
176
977
2087
658
2370
515
1954
1854
2603
1488
2876
157
145
410
2323
1128
1724
2303
1111
437
89
166
2334
405
1730
1262
596
1542
531
2506
2638
1488
2086
1276
1316
2184
182
952
2529
694
802
1757
102
1863
1684
1533
1883
2259
238
2958
580
1685
126
1901
2494
1015
176
2467
2438
2805
1846
2811
1878
1121
428
269
1858
2767
2471
583
761
1498
2759
148
1780
2123
2484
1134
89
891
1425
1189
566
2062
2558
385
515
78
2676
2930
1202
2457
877
1025
1635
2993
1591
2721
1758
1383
2080
2843
1175
165
2337
628
1842
982
187
44
274
2362
712
1496
904
1800
35
2017
234
2152
2155
1023
2149
875
1852
1923
1060
793
910
2129
2833
2873
405
1840
1726
438
1007
1960
1230
2359
868
1796
1361
135
1842
1411
451
1187
704
122
618
1935
1499
2906
2645
1559
2643
1181
1946
234
1347
2535
556
2559
1484
161
1335
261
1053
1752
1763
2110
907
1336
2104
2956
1008
1253
703
2381
532
836
2882
71
120
602
1856
58
2560
64
1180
1332
987
2636
1641
1069
523
721
439
1712
2371
368
2587
1013
1685
697
260
2850
1571
2682
873
100
2042
1469
87
2086
1199
1491
1205
1344
1519
2087
402
1296
1459
1910
1683
1233
2188
1227
2847
2175
2747
1783
2156
2587
1796
2955
2387
1697
2829
2273
265
2021
1346
2366
401
1645
1668
879
813
762
150
1534
1024
468
955
903
907
2429
1474
1716
1179
1567
2465
1360
1887
2864
2774
76
421
750
997
794
2230
807
1270
447
1580
577
2424
2870
2352
2375
2134
916
1629
2688
202
392
662
2895
1867
913
2336
2423
2626
2100
1417
793
2906
2886
2065
2921
1203
872
2419
94
831
1011
677
2256
1861
2434
281
2371
2505
1771
902
2436
670
279
557
2137
1333
2739
468
2091
129
1428
2719
1366
456
2691
395
600
583
889
2970
2905
2153
2498
1949
1009
146
1428
2347
2788
2126
2239
776
976
1444
884
1634
2287
147
2909
1427
572
1368
1211
2883
1206
2234
1464
702
1132
108
2126
269
287
390
583
1530
2589
2672
1194
2011
468
2503
1569
2245
171
1265
175
1913
1212
1266
1837
615
1812
190
2631
1676
195
1506
1646
71
2485
2520
803
140
923
1700
1312
71
2521
1254
2643
2731
2569
776
70
1454
2526
1866
1174
2790
1304
2664
955
972
2908
257
976
420
1935
208
960
2794
396
840
298
1211
2425
2561
1545
60
2051
1030
2345
2899
2736
1087
2407
1470
821
2316
2182
2142
831
2040
2909
404
322
2855
1983
74
458
1149
1221
1938
1585
2564
1125
1682
1776
465
1111
848
2840
2645
1527
1116
1639
2134
624
2596
2239
1040
554
1248
2795
2349
884
476
1160
190
2752
307
1038
158
544
880
518
305
986
1378
1797
2141
874
1334
1773
1560
1533
2465
578
1800
1667
1615
1946
83
2967
635
2570
2107
1094
2775
2661
1406
2724
1240
1415
2619
619
477
994
578
1599
613
1342
1473
769
568
567
314
2312
2454
1678
1121
1715
1550
1506
317
2927
404
1767
2238
1716
2041
1807
2403
1473
2442
255
1054
1593
647
42
13
1297
379
855
1302
2376
814
1094
2241
2164
2701
1653
2358
1626
193
364
315
1508
2648
701
2076
715
2346
654
887
1489
1644
2872
2749
1969
580
12
1058
272
2993
1296
2330
1071
2057
2658
1874
1201
379
2123
2875
2345
1422
1276
1365
2005
245
1664
2050
1585
2676
2315
1177
1848
766
1170
1285
65
1650
2991
2223
2854
577
49
1453
2047
676
2964
738
408
144
529
1898
2163
436
1316
2590
2713
237
615
2987
908
222
1842
2676
2763
1335
866
91
1629
1927
1046
1354
2281
1797
899
2007
1870
827
2984
2969
1513
2557
2921
1973
549
445
2361
2980
143
2557
196
1805
2607
1345
1636
1760
2638
2331
916
2686
2530
2455
254
824
2824
2045
637
1658
971
2002
1847
1832
1133
505
2566
1548
914
1236
2616
977
1564
2522
1270
120
1243
2150
2375
444
745
2958
1207
2966
67
724
2189
1847
2054
2249
151
1156
473
76
2672
1187
418
1474
886
1697
1940
1358
1432
663
519
961
1790
2841
2686
279
2423
2541
2804
244
525
2227
646
969
1275
350
2602
1573
2427
173
924
130
2625
1107
2805
448
2527
804
85
1572
817
2590
2760
876
741
609
786
1541
1386
2889
261
1855
2669
534
1296
2442
568
1077
991
2569
915
1317
1641
1384
1777
1838
2774
1501
805
81
912
569
2541
2544
2980
33
351
1018
1199
1970
2897
1988
1024
682
1853
1710
2083
80
1752
2708
931
2605
1156
2425
2672
2493
1351
431
2140
2762
843
1580
2678
2914
2936
1442
116
2380
1637
2780
810
1965
521
295
529
1519
1492
1347
1080
2898
1639
1767
172
1666
801
1183
201
2744
1329
1322
1638
2233
18
388
2694
2500
1353
1006
821
2548
1857
2364
2797
1132
2773
1454
903
2086
2108
2670
1929
980
1009
588
1544
2801
707
125
1816
1336
1791
424
2500
2128
654
1234
495
1844
288
358
2388
1285
2116
1603
2403
1430
293
1902
2975
2853
26
371
498
890
832
861
670
2750
1265
611
73
2857
1177
40
1468
2505
1003
2417
833
1014
463
1122
1047
1919
2691
265
767
811
421
273
2851
1395
2863
140
2337
2107
1332
1582
1072
415
2817
712
1489
2768
1830
1020
2661
2758
2128
1507
1544
2641
1978
2917
2242
1978
43
1810
2360
2743
1415
1571
386
2165
1747
2685
1404
401
119
2569
1197
2297
570
1933
186
317
1554
644
1819
2208
1288
1833
2799
682
1189
641
22
262
1768
285
1297
1343
47
2106
1512
2280
212
2450
1085
1469
1719
2167
857
2488
1365
2939
1304
530
74
197
2686
636
1541
14
614
691
2436
830
1831
397
1798
1066
1125
1106
1723
752
2592
2890
2126
2473
1200
1096
719
1416
2891
2500
295
2983
1336
1251
2616
2439
746
1432
904
2809
880
1604
547
1523
1135
2537
2644
2707
376
720
874
2638
724
1335
1155
2986
790
1881
2343
868
1558
450
1879
2853
2209
1647
2535
1440
2963
1239
1497
1778
574
2114
989
243
1477
898
758
1406
1853
1381
1864
2018
1443
2091
801
2456
1584
786
1322
68
64
1835
2303
479
2081
2913
725
1963
1929
508
2826
2165
2907
1923
371
689
570
2796
97
1133
1621
1722
2953
2851
2395
2166
540
1459
2080
1706
2252
572
797
1219
1955
752
1901
2012
2429
1462
674
2044
2189
1026
2350
1292
2368
2766
2833
2898
2693
2446
1011
1177
249
364
1780
75
926
1745
2257
2800
2337
1233
1422
1459
389
2408
938
812
457
2690
881
2902
2531
2265
1755
2718
1897
1060
246
2119
2152
2408
309
95
680
1894
2275
287
1551
1561
1642
1813
2277
1301
1006
2933
1472
888
2528
314
2359
809
2194
2768
247
680
1644
2195
16
147
1298
241
626
155
254
2973
1938
2017
29
2921
858
2129
2645
1684
1274
1422
2617
1757
2773
1344
2143
476
1631
815
1357
1325
2377
953
359
1438
352
520
1319
1211
149
1328
880
1853
1291
1474
2251
127
1416
1206
493
1038
2876
2393
954
2902
582
1088
2537
1118
125
1899
138
984
1921
433
2583
2374
1207
991
679
1269
863
2874
1618
65
2343
436
2001
908
2829
2338
2408
664
1166
113
571
444
1799
2385
1869
787
332
925
635
1477
2227
568
1696
384
935
896
631
1318
1446
1028
2695
776
60
1785
11
218
1111
2888
890
1629
2960
1445
1035
633
2461
949
2848
2350
497
1083
93
2047
2829
262
1130
1405
890
2646
1447
591
330
357
2254
1152
878
476
1688
1182
1300
2974
2876
531
2903
786
398
2619
1703
2499
164
2155
2525
1877
1577
1585
1277
425
538
1239
2294
1288
2118
761
420
1857
2795
729
1102
2864
535
896
326
414
1151
1751
385
669
2197
2916
1590
2098
1111
469
856
1619
1846
888
2211
2779
334
808
168
1460
942
1405
2416
2314
2336
2778
2487
622
2173
308
2251
1258
1949
2488
2579
1301
711
1979
1764
371
817
2856
2205
2931
1054
444
2267
2973
42
598
1140
369
1596
1106
2194
1821
1925
433
2890
2764
2014
2172
2964
2246
2596
1933
2378
2706
2670
10
2345
1526
2063
778
1172
1813
1264
2257
1005
943
1743
1490
2646
26
600
1355
1085
1687
932
2528
922
442
1896
2008
1028
1586
1443
2140
1932
2713
2631
2477
455
1393
160
717
171
1688
1362
2013
259
1260
2099
2597
1789
1168
2840
2085
2038
1583
890
1834
1843
1467
768
491
2048
2271
1305
1872
2948
2857
2259
217
1230
1038
2073
2500
1282
42
2708
992
1405
342
2554
1318
2921
1227
2862
2454
1750
2904
63
2110
1905
1331
1471
2413
599
550
2419
1702
1191
1712
2574
1724
1223
2831
2745
2479
226
2760
2444
231
731
1693
1672
2172
1821
2323
1367
2457
306
2553
2307
355
2387
2658
2863
2740
1476
2982
1060
2070
1914
950
508
2325
309
56
2989
1750
2998
2960
1977
1433
2587
825
1318
1544
1374
2477
2837
628
334
2241
2483
914
74
2132
2859
1112
1333
1328
2332
1112
2522
179
433
2477
229
2487
2668
1509
1262
2703
2672
1430
29
153
137
294
1491
592
2197
2858
1571
2234
351
1071
1915
1085
843
37
1751
239
1865
1283
2142
299
910
435
1828
1158
2434
2823
2812
662
236
2359
2241
2446
135
900
2975
1871
1012
1496
1203
74
1040
1452
2612
225
678
2925
2946
1400
739
552
528
2378
671
1369
40
396
2350
2957
1406
1734
705
2728
651
1113
2717
1654
437
2010
1562
2297
2022
44
2018
2781
473
748
2851
1186
2547
2197
1710
1765
2077
153
586
158
1180
1471
2389
2890
2520
2429
1924
2296
1490
2960
668
1010
2474
2340
352
1226
1767
118
436
1482
2391
2590
2304
1134
2862
2737
41
1306
1237
1637
277
2765
312
2497
2835
2112
1444
2547
1604
95
2644
2059
47
2825
1248
614
700
1931
2875
60
2139
87
1362
775
2851
2652
1352
1707
1140
620
253
2408
2815
1188
1333
197
2998
1575
2465
1223
1848
2963
2849
2323
2914
2012
598
219
2778
608
337
2950
311
657
1871
1450
380
1290
2838
1060
977
2186
813
2993
599
307
2848
2390
2619
335
1140
729
1801
1643
613
2996
12
2789
1048
1526
1579
2200
1181
1346
2569
1407
2252
1334
161
1939
2035
1349
2625
1883
310
2008
320
1342
297
680
2797
51
2869
2164
2277
1062
2905
650
101
2983
2685
2419
228
1627
1445
395
2022
2447
2765
1635
2205
1473
1894
813
2010
218
1006
1777
2966
820
2580
1029
1439
501
1451
266
2716
1597
2500
765
1236
1639
2838
1095
2414
2984
247
2557
1049
532
1028
350
230
983
2393
2840
321
1041
217
759
2116
1210
1465
2455
2380
2608
439
2034
260
1252
874
1756
1067
2128
578
1981
2243
2418
2979
2032
291
1155
1940
1393
2173
868
1504
654
906
2189
771
1988
2294
1527
435
405
2253
1090
1503
1876
2929
1576
2047
1016
1226
194
2544
599
2733
1731
1203
198
2174
2622
2842
1723
1407
714
2055
1600
2194
1838
2727
2702
2653
1937
823
2963
1947
958
2880
362
2212
909
859
2635
1721
212
1132
1434
1520
519
2328
1337
401
379
1148
444
1027
2239
1938
1087
1094
2778
1626
1969
2948
954
939
2112
574
2768
2392
215
2282
2483
1364
375
2865
1915
2492
821
801
982
1884
2474
957
2383
2152
254
2328
1879
2863
2532
629
1383
1420
905
2338
195
100
1114
2445
1627
683
877
1085
1749
1571
81
1542
2002
703
964
1720
1511
268
1173
423
2580
880
1792
1334
1838
747
2891
768
1534
1288
2575
2997
2958
365
703
51
158
2793
2307
488
2695
342
2540
908
2649
1440
1118
1959
1045
1006
1241
2901
993
294
1324
697
712
1237
2828
1086
1347
1061
2564
270
191
1619
1166
525
2837
2470
2643
695
2652
676
899
633
2289
313
173
332
1997
2810
2250
2513
2151
1930
2583
2401
1980
2144
2785
2965
2889
1852
1426
1369
2406
2495
1317
2243
551
485
2213
1900
739
2508
1640
849
1505
1037
1072
1092
2444
1821
2225
402
1714
246
1316
116
1881
2625
1243
407
1386
921
486
1203
2926
1983
2277
1146
2159
1187
2934
1934
1875
1895
1158
2917
1109
1616
249
2913
916
2006
2242
2534
1702
2842
1692
1655
490
2034
2659
283
2200
2008
2843
559
1887
404
2585
1821
1018
2666
278
1786
1246
1837
685
1554
957
2997
1682
330
2745
1908
1448
1094
1766
86
2662
226
96
1273
1268
759
1254
1738
861
289
1290
1107
2539
2315
2206
2743
1605
2289
589
1288
986
1244
208
1847
2643
905
2693
1042
2332
766
1289
2274
2930
2401
2310
1956
1433
2767
2335
611
2072
2369
1791
685
376
1775
222
68
2667
2170
156
2475
2646
2912
1625
2083
1460
1635
2096
1330
2887
1884
971
2907
2688
1757
2391
2610
2135
2114
1085
785
1831
1874
1594
2462
1833
2175
2028
736
1775
2730
2664
2843
1515
2350
2807
748
2939
273
681
752
1668
1109
494
2312
931
2141
512
1966
696
801
2329
433
1886
2908
2251
1317
645
862
2907
1049
514
342
282
59
1378
830
2711
2342
2942
2318
15
2837
1124
2058
1557
1118
1454
2946
2241
288
2928
21
558
771
2256
1512
1511
2084
2009
867
2102
2952
1070
2947
414
2679
221
1010
1724
253
2017
461
2454
307
966
1916
2104
1498
1065
919
2379
1580
1391
1705
183
261
687
415
1824
2622
669
407
1359
2833
2532
2169
1323
903
1786
2372
256
796
925
134
368
175
2352
1378
1559
2507
1771
2664
1833
1084
2848
87
1914
1297
795
2622
869
2252
1216
1557
2318
223
2839
1071
1085
1617
1174
1279
2820
1090
2096
357
749
2855
706
899
2204
2361
1008
1524
2819
429
1348
474
1821
371
2498
1029
231
2382
1131
1941
2901
1932
2039
1417
86
1086
644
